$ANSIBLE_VAULT;1.1;AES256
64343237633031656261346166373838373833653039346363383735646435393730343462393237
3634613766643266646164613830653538616138313239650a653566323134353933653932626339
30376261623934623137316534656530316134313530346363343735363535326564633036616137
3265346663626438640a663631333464316262633364633161666331666466623761353132663731
65353036323763366332663131613736313336323230303461323238616662363832646337326437
61646662373965643662363230626435383862643231343762666235303764663836356138336332
38376165336134663434613363633566333538373366646663363739633438393462353332386235
39343737656238396533633261323666633764633939363961333365383863626434353632336331
34626338393931396139303037366364663731306539656238336461663762376361343365313932
32633736386137326636383437306434373034353231333936626438643466393638316663383265
30316164613862373365376566323138363165316462323364636466333731623131633264336536
37643163363463313035336564383638363539313234633763333962623264346362383264616638
61616261373234616465666337383265306433633863346363336363663162623138356162623562
36626565643332343435633333643431303266633835306335663333653838306631333235633364
36326563623736353731306435646531373332353736386432663264656666633866643161366433
63313064376437326534656635383634613634396139383462636566303563333735343336643263
65386461626639373066643066633534616533346233323332333237373165633662363030643563
61616561626565346532636231626137663930386234343061666561316265613038636335663635
36343337323866393964643564376335343439303933373830306233323831373533663630626137
31613466343834646433373038383265306635633030316332336537653361646365383365336532
64353664316235326538383333363331383564616161623937386164323161383736336361663334
31313230396462656264643861333961313662383139656430396164323361356166353730393136
39313438643530356236363664633130636530306535393835636639616562316631623537336336
65333431393965393934
